20170110,59.8961000,59.8961000,59.8961000,59.8961000
20170111,59.9533000,59.9533000,59.9533000,59.9533000
20170112,60.1614000,60.1614000,60.1614000,60.1614000
20170113,59.4978000,59.4978000,59.4978000,59.4978000
20170114,59.3700000,59.3700000,59.3700000,59.3700000
20170117,59.6067000,59.6067000,59.6067000,59.6067000
20170118,59.4015000,59.4015000,59.4015000,59.4015000
20170119,59.1830000,59.1830000,59.1830000,59.1830000
20170120,59.3521000,59.3521000,59.3521000,59.3521000
20170121,59.6697000,59.6697000,59.6697000,59.6697000
20170124,59.5034000,59.5034000,59.5034000,59.5034000
20170125,59.2168000,59.2168000,59.2168000,59.2168000
20170126,59.1489000,59.1489000,59.1489000,59.1489000
20170127,59.6356000,59.6356000,59.6356000,59.6356000
20170128,60.3196000,60.3196000,60.3196000,60.3196000
20170131,60.1618000,60.1618000,60.1618000,60.1618000
20170201,60.0851000,60.0851000,60.0851000,60.0851000
20170202,60.3099000,60.3099000,60.3099000,60.3099000
20170203,59.9858000,59.9858000,59.9858000,59.9858000
20170204,59.3137000,59.3137000,59.3137000,59.3137000
20170207,58.7121000,58.7121000,58.7121000,58.7121000
20170208,59.1933000,59.1933000,59.1933000,59.1933000
20170209,59.5129000,59.5129000,59.5129000,59.5129000
20170210,59.0235000,59.0235000,59.0235000,59.0235000
20170211,58.8457000,58.8457000,58.8457000,58.8457000
20170214,58.0619000,58.0619000,58.0619000,58.0619000
20170215,57.7388000,57.7388000,57.7388000,57.7388000
20170216,56.7719000,56.7719000,56.7719000,56.7719000
20170217,57.1507000,57.1507000,57.1507000,57.1507000
20170218,57.6342000,57.6342000,57.6342000,57.6342000
20170221,58.0967000,58.0967000,58.0967000,58.0967000
20170222,57.8590000,57.8590000,57.8590000,57.8590000
20170223,57.4762000,57.4762000,57.4762000,57.4762000
20170228,57.9371000,57.9371000,57.9371000,57.9371000
20170301,57.9627000,57.9627000,57.9627000,57.9627000
20170302,58.3776000,58.3776000,58.3776000,58.3776000
20170303,58.4067000,58.4067000,58.4067000,58.4067000
20170304,58.9099000,58.9099000,58.9099000,58.9099000
20170307,58.3370000,58.3370000,58.3370000,58.3370000
20170308,58.2630000,58.2630000,58.2630000,58.2630000
20170310,58.8318000,58.8318000,58.8318000,58.8318000
20170311,59.2174000,59.2174000,59.2174000,59.2174000
20170314,59.1327000,59.1327000,59.1327000,59.1327000
20170315,58.9540000,58.9540000,58.9540000,58.9540000
20170316,59.1128000,59.1128000,59.1128000,59.1128000
20170317,58.2437000,58.2437000,58.2437000,58.2437000
20170318,57.9344000,57.9344000,57.9344000,57.9344000
20170321,57.2847000,57.2847000,57.2847000,57.2847000
20170322,57.2323000,57.2323000,57.2323000,57.2323000
20170323,57.6360000,57.6360000,57.6360000,57.6360000
20170324,57.5228000,57.5228000,57.5228000,57.5228000
20170325,57.4247000,57.4247000,57.4247000,57.4247000
20170328,57.0233000,57.0233000,57.0233000,57.0233000
20170329,56.9364000,56.9364000,56.9364000,56.9364000
20170330,57.0241000,57.0241000,57.0241000,57.0241000
20170331,56.3779000,56.3779000,56.3779000,56.3779000
20170401,55.9606000,55.9606000,55.9606000,55.9606000
20170404,56.1396000,56.1396000,56.1396000,56.1396000
20170405,56.5553000,56.5553000,56.5553000,56.5553000
20170406,55.8940000,55.8940000,55.8940000,55.8940000
20170407,56.4369000,56.4369000,56.4369000,56.4369000
20170408,56.9201000,56.9201000,56.9201000,56.9201000
20170411,57.3896000,57.3896000,57.3896000,57.3896000
20170412,56.9552000,56.9552000,56.9552000,56.9552000
20170413,56.7556000,56.7556000,56.7556000,56.7556000
20170414,56.6019000,56.6019000,56.6019000,56.6019000
20170415,56.2945000,56.2945000,56.2945000,56.2945000
20170418,56.2505000,56.2505000,56.2505000,56.2505000
20170419,55.9793000,55.9793000,55.9793000,55.9793000
20170420,56.1753000,56.1753000,56.1753000,56.1753000
20170421,56.4165000,56.4165000,56.4165000,56.4165000
20170422,56.2307000,56.2307000,56.2307000,56.2307000
20170425,56.0794000,56.0794000,56.0794000,56.0794000
20170426,55.8453000,55.8453000,55.8453000,55.8453000
20170427,56.3131000,56.3131000,56.3131000,56.3131000
20170428,56.9707000,56.9707000,56.9707000,56.9707000
20170429,56.9838000,56.9838000,56.9838000,56.9838000
20170503,56.9518000,56.9518000,56.9518000,56.9518000
20170504,57.0927000,57.0927000,57.0927000,57.0927000
20170505,57.5714000,57.5714000,57.5714000,57.5714000
20170506,58.5382000,58.5382000,58.5382000,58.5382000
20170511,58.0824000,58.0824000,58.0824000,58.0824000
20170512,57.1161000,57.1161000,57.1161000,57.1161000
20170513,57.1640000,57.1640000,57.1640000,57.1640000
20170516,56.5258000,56.5258000,56.5258000,56.5258000
20170517,56.2603000,56.2603000,56.2603000,56.2603000
20170518,56.7383000,56.7383000,56.7383000,56.7383000
20170519,57.4683000,57.4683000,57.4683000,57.4683000
20170520,57.1602000,57.1602000,57.1602000,57.1602000
20170523,56.4988000,56.4988000,56.4988000,56.4988000
20170524,56.5552000,56.5552000,56.5552000,56.5552000
20170525,56.2743000,56.2743000,56.2743000,56.2743000
20170526,56.0701000,56.0701000,56.0701000,56.0701000
20170527,56.7560000,56.7560000,56.7560000,56.7560000
20170530,56.7106000,56.7106000,56.7106000,56.7106000
20170531,56.5168000,56.5168000,56.5168000,56.5168000
20170601,56.6876000,56.6876000,56.6876000,56.6876000
20170602,56.5373000,56.5373000,56.5373000,56.5373000
20170603,56.6876000,56.6876000,56.6876000,56.6876000
20170606,56.6152000,56.6152000,56.6152000,56.6152000
20170607,56.6747000,56.6747000,56.6747000,56.6747000
20170608,56.5878000,56.5878000,56.5878000,56.5878000
20170609,56.9857000,56.9857000,56.9857000,56.9857000
20170610,57.0020000,57.0020000,57.0020000,57.0020000
20170614,56.9096000,56.9096000,56.9096000,56.9096000
20170615,57.0303000,57.0303000,57.0303000,57.0303000
20170616,57.4437000,57.4437000,57.4437000,57.4437000
20170617,57.7408000,57.7408000,57.7408000,57.7408000
20170620,57.9585000,57.9585000,57.9585000,57.9585000
20170621,58.5786000,58.5786000,58.5786000,58.5786000
20170622,60.0000000,60.0000000,60.0000000,60.0000000
20170623,60.1482000,60.1482000,60.1482000,60.1482000
20170624,59.6564000,59.6564000,59.6564000,59.6564000
20170627,59.0014000,59.0014000,59.0014000,59.0014000
20170628,58.8843000,58.8843000,58.8843000,58.8843000
20170629,59.5415000,59.5415000,59.5415000,59.5415000
20170630,59.0855000,59.0855000,59.0855000,59.0855000
20170701,59.3862000,59.3862000,59.3862000,59.3862000
20170704,58.9695000,58.9695000,58.9695000,58.9695000
20170705,59.2295000,59.2295000,59.2295000,59.2295000
20170706,59.5787000,59.5787000,59.5787000,59.5787000
20170707,60.2426000,60.2426000,60.2426000,60.2426000
20170708,60.3792000,60.3792000,60.3792000,60.3792000
20170711,60.3014000,60.3014000,60.3014000,60.3014000
20170712,60.7397000,60.7397000,60.7397000,60.7397000
20170713,60.6227000,60.6227000,60.6227000,60.6227000
20170714,60.1836000,60.1836000,60.1836000,60.1836000
20170715,59.8806000,59.8806000,59.8806000,59.8806000
20170718,59.0657000,59.0657000,59.0657000,59.0657000
20170719,59.3705000,59.3705000,59.3705000,59.3705000
20170720,59.2418000,59.2418000,59.2418000,59.2418000
20170721,59.0823000,59.0823000,59.0823000,59.0823000
20170722,58.9325000,58.9325000,58.9325000,58.9325000
20170725,59.6572000,59.6572000,59.6572000,59.6572000
20170726,59.8185000,59.8185000,59.8185000,59.8185000
20170727,59.9102000,59.9102000,59.9102000,59.9102000
20170728,59.4102000,59.4102000,59.4102000,59.4102000
20170729,59.5436000,59.5436000,59.5436000,59.5436000
20170801,60.0633000,60.0633000,60.0633000,60.0633000
20170802,59.8454000,59.8454000,59.8454000,59.8454000
20170803,60.5819000,60.5819000,60.5819000,60.5819000
20170804,60.7503000,60.7503000,60.7503000,60.7503000
20170805,60.3281000,60.3281000,60.3281000,60.3281000
20170808,60.0605000,60.0605000,60.0605000,60.0605000
20170809,59.9886000,59.9886000,59.9886000,59.9886000
20170810,59.9611000,59.9611000,59.9611000,59.9611000
20170811,59.9298000,59.9298000,59.9298000,59.9298000
20170812,60.1873000,60.1873000,60.1873000,60.1873000
20170815,59.7990000,59.7990000,59.7990000,59.7990000
20170816,59.9266000,59.9266000,59.9266000,59.9266000
20170817,59.6521000,59.6521000,59.6521000,59.6521000
20170818,59.2490000,59.2490000,59.2490000,59.2490000
20170819,59.3612000,59.3612000,59.3612000,59.3612000
20170822,59.1409000,59.1409000,59.1409000,59.1409000
20170823,59.0396000,59.0396000,59.0396000,59.0396000
20170824,59.1312000,59.1312000,59.1312000,59.1312000
20170825,59.1397000,59.1397000,59.1397000,59.1397000
20170826,59.1476000,59.1476000,59.1476000,59.1476000
20170829,58.5469000,58.5469000,58.5469000,58.5469000
20170830,58.5320000,58.5320000,58.5320000,58.5320000
20170831,58.7306000,58.7306000,58.7306000,58.7306000
20170901,58.5454000,58.5454000,58.5454000,58.5454000
20170902,58.0557000,58.0557000,58.0557000,58.0557000
20170905,57.7817000,57.7817000,57.7817000,57.7817000
20170906,57.8503000,57.8503000,57.8503000,57.8503000
20170907,57.3387000,57.3387000,57.3387000,57.3387000
20170908,57.1411000,57.1411000,57.1411000,57.1411000
20170909,56.9966000,56.9966000,56.9966000,56.9966000
20170912,57.1694000,57.1694000,57.1694000,57.1694000
20170913,57.2656000,57.2656000,57.2656000,57.2656000
20170914,57.6679000,57.6679000,57.6679000,57.6679000
20170915,57.7706000,57.7706000,57.7706000,57.7706000
20170916,57.5336000,57.5336000,57.5336000,57.5336000
20170919,57.6242000,57.6242000,57.6242000,57.6242000
20170920,58.0993000,58.0993000,58.0993000,58.0993000
20170921,58.1290000,58.1290000,58.1290000,58.1290000
20170922,58.2242000,58.2242000,58.2242000,58.2242000
20170923,57.6527000,57.6527000,57.6527000,57.6527000
20170926,57.5660000,57.5660000,57.5660000,57.5660000
20170927,57.5186000,57.5186000,57.5186000,57.5186000
20170928,58.0102000,58.0102000,58.0102000,58.0102000
20170929,58.4255000,58.4255000,58.4255000,58.4255000
20170930,58.0169000,58.0169000,58.0169000,58.0169000
20171003,57.8134000,57.8134000,57.8134000,57.8134000
20171004,57.9375000,57.9375000,57.9375000,57.9375000
20171005,57.7832000,57.7832000,57.7832000,57.7832000
20171006,57.5811000,57.5811000,57.5811000,57.5811000
20171007,57.7612000,57.7612000,57.7612000,57.7612000
20171010,58.3151000,58.3151000,58.3151000,58.3151000
20171011,58.0713000,58.0713000,58.0713000,58.0713000
20171012,57.9210000,57.9210000,57.9210000,57.9210000
20171013,57.6869000,57.6869000,57.6869000,57.6869000
20171014,57.6196000,57.6196000,57.6196000,57.6196000
20171017,57.0861000,57.0861000,57.0861000,57.0861000
20171018,57.3392000,57.3392000,57.3392000,57.3392000
20171019,57.2721000,57.2721000,57.2721000,57.2721000
20171020,57.5706000,57.5706000,57.5706000,57.5706000
20171021,57.5118000,57.5118000,57.5118000,57.5118000
20171024,57.4706000,57.4706000,57.4706000,57.4706000
20171025,57.5852000,57.5852000,57.5852000,57.5852000
20171026,57.6140000,57.6140000,57.6140000,57.6140000
20171027,57.7643000,57.7643000,57.7643000,57.7643000
20171028,58.0833000,58.0833000,58.0833000,58.0833000
20171031,57.8716000,57.8716000,57.8716000,57.8716000
20171101,58.1179000,58.1179000,58.1179000,58.1179000
20171102,58.1557000,58.1557000,58.1557000,58.1557000
20171103,58.0869000,58.0869000,58.0869000,58.0869000
20171104,58.4296000,58.4296000,58.4296000,58.4296000
20171108,58.4557000,58.4557000,58.4557000,58.4557000
20171109,59.2480000,59.2480000,59.2480000,59.2480000
20171110,59.2527000,59.2527000,59.2527000,59.2527000
20171111,59.2808000,59.2808000,59.2808000,59.2808000
20171114,59.1823000,59.1823000,59.1823000,59.1823000
20171115,59.6207000,59.6207000,59.6207000,59.6207000
20171116,60.2490000,60.2490000,60.2490000,60.2490000
20171117,59.9898000,59.9898000,59.9898000,59.9898000
20171118,59.6325000,59.6325000,59.6325000,59.6325000
20171121,59.2746000,59.2746000,59.2746000,59.2746000
20171122,59.4604000,59.4604000,59.4604000,59.4604000
20171123,59.0061000,59.0061000,59.0061000,59.0061000
20171124,58.4622000,58.4622000,58.4622000,58.4622000
20171125,58.5318000,58.5318000,58.5318000,58.5318000
20171128,58.2773000,58.2773000,58.2773000,58.2773000
20171129,58.4125000,58.4125000,58.4125000,58.4125000
20171130,58.3311000,58.3311000,58.3311000,58.3311000
20171201,58.5814000,58.5814000,58.5814000,58.5814000
20171202,58.5182000,58.5182000,58.5182000,58.5182000
20171205,58.9911000,58.9911000,58.9911000,58.9911000
20171206,58.6924000,58.6924000,58.6924000,58.6924000
20171207,58.9281000,58.9281000,58.9281000,58.9281000
20171208,59.2948000,59.2948000,59.2948000,59.2948000
20171209,59.2811000,59.2811000,59.2811000,59.2811000
20171212,59.2348000,59.2348000,59.2348000,59.2348000
20171213,58.8370000,58.8370000,58.8370000,58.8370000
20171214,59.1446000,59.1446000,59.1446000,59.1446000
20171215,58.7082000,58.7082000,58.7082000,58.7082000
20171216,58.8987000,58.8987000,58.8987000,58.8987000
20171219,58.6940000,58.6940000,58.6940000,58.6940000
20171220,58.6117000,58.6117000,58.6117000,58.6117000
20171221,58.7170000,58.7170000,58.7170000,58.7170000
20171222,58.5596000,58.5596000,58.5596000,58.5596000
20171223,58.3152000,58.3152000,58.3152000,58.3152000
20171226,58.1989000,58.1989000,58.1989000,58.1989000
20171227,57.7343000,57.7343000,57.7343000,57.7343000
20171228,57.4544000,57.4544000,57.4544000,57.4544000
20171229,57.6291000,57.6291000,57.6291000,57.6291000
20171230,57.6002000,57.6002000,57.6002000,57.6002000
20180110,57.0463000,57.0463000,57.0463000,57.0463000
20180111,56.8734000,56.8734000,56.8734000,56.8734000
20180112,56.9957000,56.9957000,56.9957000,56.9957000
20180113,56.6019000,56.6019000,56.6019000,56.6019000
20180116,56.3569000,56.3569000,56.3569000,56.3569000
20180117,56.3878000,56.3878000,56.3878000,56.3878000
20180118,56.5925000,56.5925000,56.5925000,56.5925000
20180119,56.7597000,56.7597000,56.7597000,56.7597000
20180120,56.5892000,56.5892000,56.5892000,56.5892000
20180123,56.6261000,56.6261000,56.6261000,56.6261000
20180124,56.4115000,56.4115000,56.4115000,56.4115000
20180125,56.3888000,56.3888000,56.3888000,56.3888000
20180126,55.9288000,55.9288000,55.9288000,55.9288000
20180127,55.8288000,55.8288000,55.8288000,55.8288000
20180130,56.2908000,56.2908000,56.2908000,56.2908000
20180131,56.2914000,56.2914000,56.2914000,56.2914000
20180201,56.1840000,56.1840000,56.1840000,56.1840000
20180202,56.2613000,56.2613000,56.2613000,56.2613000
20180203,56.0408000,56.0408000,56.0408000,56.0408000
20180206,56.6278000,56.6278000,56.6278000,56.6278000
20180207,57.2196000,57.2196000,57.2196000,57.2196000
20180208,56.9533000,56.9533000,56.9533000,56.9533000
20180209,57.6736000,57.6736000,57.6736000,57.6736000
20180210,58.1718000,58.1718000,58.1718000,58.1718000
20180213,58.0171000,58.0171000,58.0171000,58.0171000
20180214,57.7701000,57.7701000,57.7701000,57.7701000
20180215,57.5899000,57.5899000,57.5899000,57.5899000
20180216,56.5918000,56.5918000,56.5918000,56.5918000
20180217,56.3554000,56.3554000,56.3554000,56.3554000
20180220,56.3438000,56.3438000,56.3438000,56.3438000
20180221,56.5201000,56.5201000,56.5201000,56.5201000
20180222,56.6537000,56.6537000,56.6537000,56.6537000
20180223,56.7608000,56.7608000,56.7608000,56.7608000
20180227,55.9208000,55.9208000,55.9208000,55.9208000
20180228,55.6717000,55.6717000,55.6717000,55.6717000
20180301,56.3742000,56.3742000,56.3742000,56.3742000
20180302,56.4334000,56.4334000,56.4334000,56.4334000
20180303,56.6616000,56.6616000,56.6616000,56.6616000
20180306,57.1000000,57.1000000,57.1000000,57.1000000
20180307,56.5041000,56.5041000,56.5041000,56.5041000
20180308,56.8011000,56.8011000,56.8011000,56.8011000
20180313,56.6122000,56.6122000,56.6122000,56.6122000
20180314,56.9359000,56.9359000,56.9359000,56.9359000
20180315,56.9372000,56.9372000,56.9372000,56.9372000
20180316,57.0188000,57.0188000,57.0188000,57.0188000
20180317,57.4942000,57.4942000,57.4942000,57.4942000
20180320,57.5521000,57.5521000,57.5521000,57.5521000
20180321,57.7033000,57.7033000,57.7033000,57.7033000
20180322,57.4954000,57.4954000,57.4954000,57.4954000
20180323,56.8391000,56.8391000,56.8391000,56.8391000
20180324,57.1072000,57.1072000,57.1072000,57.1072000
20180327,57.0039000,57.0039000,57.0039000,57.0039000
20180328,57.1747000,57.1747000,57.1747000,57.1747000
20180329,57.5598000,57.5598000,57.5598000,57.5598000
20180330,57.7626000,57.7626000,57.7626000,57.7626000
20180331,57.2649000,57.2649000,57.2649000,57.2649000
20180403,57.2850000,57.2850000,57.2850000,57.2850000
20180404,57.5375000,57.5375000,57.5375000,57.5375000
20180405,57.7646000,57.7646000,57.7646000,57.7646000
20180406,57.5796000,57.5796000,57.5796000,57.5796000
20180407,57.8332000,57.8332000,57.8332000,57.8332000
20180410,58.5714000,58.5714000,58.5714000,58.5714000
20180411,62.3699000,62.3699000,62.3699000,62.3699000
20180412,64.0626000,64.0626000,64.0626000,64.0626000
20180413,62.0659000,62.0659000,62.0659000,62.0659000
20180414,61.4311000,61.4311000,61.4311000,61.4311000
20180417,62.2794000,62.2794000,62.2794000,62.2794000
20180418,61.1454000,61.1454000,61.1454000,61.1454000
20180419,61.5539000,61.5539000,61.5539000,61.5539000
20180420,60.8583000,60.8583000,60.8583000,60.8583000
20180421,61.3222000,61.3222000,61.3222000,61.3222000
20180424,61.7655000,61.7655000,61.7655000,61.7655000
20180425,61.6644000,61.6644000,61.6644000,61.6644000
20180426,61.7494000,61.7494000,61.7494000,61.7494000
20180427,62.6027000,62.6027000,62.6027000,62.6027000
20180428,62.7260000,62.7260000,62.7260000,62.7260000
20180429,61.9997000,61.9997000,61.9997000,61.9997000
20180504,63.4860000,63.4860000,63.4860000,63.4860000
20180505,63.2012000,63.2012000,63.2012000,63.2012000
20180508,62.7148000,62.7148000,62.7148000,62.7148000
20180509,63.0066000,63.0066000,63.0066000,63.0066000
20180511,62.5229000,62.5229000,62.5229000,62.5229000
20180512,61.7354000,61.7354000,61.7354000,61.7354000
20180515,61.7684000,61.7684000,61.7684000,61.7684000
20180516,61.9164000,61.9164000,61.9164000,61.9164000
20180517,62.3033000,62.3033000,62.3033000,62.3033000
20180518,61.8215000,61.8215000,61.8215000,61.8215000
20180519,61.9408000,61.9408000,61.9408000,61.9408000
20180522,62.5327000,62.5327000,62.5327000,62.5327000
20180523,61.2610000,61.2610000,61.2610000,61.2610000
20180524,61.5945000,61.5945000,61.5945000,61.5945000
20180525,61.4090000,61.4090000,61.4090000,61.4090000
20180526,61.6659000,61.6659000,61.6659000,61.6659000
20180529,62.2710000,62.2710000,62.2710000,62.2710000
20180530,62.6420000,62.6420000,62.6420000,62.6420000
20180531,62.5937000,62.5937000,62.5937000,62.5937000
20180601,62.0188000,62.0188000,62.0188000,62.0188000
20180602,62.2056000,62.2056000,62.2056000,62.2056000
20180605,61.9290000,61.9290000,61.9290000,61.9290000
20180606,61.9822000,61.9822000,61.9822000,61.9822000
20180607,62.0064000,62.0064000,62.0064000,62.0064000
20180608,61.8125000,61.8125000,61.8125000,61.8125000
20180609,62.6680000,62.6680000,62.6680000,62.6680000
20180610,62.3431000,62.3431000,62.3431000,62.3431000
20180614,63.1164000,63.1164000,63.1164000,63.1164000
20180615,62.2511000,62.2511000,62.2511000,62.2511000
20180616,62.6851000,62.6851000,62.6851000,62.6851000
20180619,63.4838000,63.4838000,63.4838000,63.4838000
20180620,64.0683000,64.0683000,64.0683000,64.0683000
20180621,63.6175000,63.6175000,63.6175000,63.6175000
20180622,63.7873000,63.7873000,63.7873000,63.7873000
20180623,63.2396000,63.2396000,63.2396000,63.2396000
20180626,62.9497000,62.9497000,62.9497000,62.9497000
20180627,62.7908000,62.7908000,62.7908000,62.7908000
20180628,63.1359000,63.1359000,63.1359000,63.1359000
20180629,63.2910000,63.2910000,63.2910000,63.2910000
20180630,62.7565000,62.7565000,62.7565000,62.7565000
20180703,63.1394000,63.1394000,63.1394000,63.1394000
20180704,63.2194000,63.2194000,63.2194000,63.2194000
20180705,63.2267000,63.2267000,63.2267000,63.2267000
20180706,63.2604000,63.2604000,63.2604000,63.2604000
20180707,63.1216000,63.1216000,63.1216000,63.1216000
20180710,62.8338000,62.8338000,62.8338000,62.8338000
20180711,62.4442000,62.4442000,62.4442000,62.4442000
20180712,62.0980000,62.0980000,62.0980000,62.0980000
20180713,62.2062000,62.2062000,62.2062000,62.2062000
20180714,62.2934000,62.2934000,62.2934000,62.2934000
20180717,62.2556000,62.2556000,62.2556000,62.2556000
20180718,62.4352000,62.4352000,62.4352000,62.4352000
20180719,62.9006000,62.9006000,62.9006000,62.9006000
20180720,63.2746000,63.2746000,63.2746000,63.2746000
20180721,63.4888000,63.4888000,63.4888000,63.4888000
20180724,63.1957000,63.1957000,63.1957000,63.1957000
20180725,62.9235000,62.9235000,62.9235000,62.9235000
20180726,63.0836000,63.0836000,63.0836000,63.0836000
20180727,62.9471000,62.9471000,62.9471000,62.9471000
20180728,62.9726000,62.9726000,62.9726000,62.9726000
20180731,62.7805000,62.7805000,62.7805000,62.7805000
20180801,62.3497000,62.3497000,62.3497000,62.3497000
20180802,62.5590000,62.5590000,62.5590000,62.5590000
20180803,63.1358000,63.1358000,63.1358000,63.1358000
20180804,63.4549000,63.4549000,63.4549000,63.4549000
20180807,63.4975000,63.4975000,63.4975000,63.4975000
20180808,63.5425000,63.5425000,63.5425000,63.5425000
20180809,63.5950000,63.5950000,63.5950000,63.5950000
20180810,66.2856000,66.2856000,66.2856000,66.2856000
20180811,66.9075000,66.9075000,66.9075000,66.9075000
20180814,68.2234000,68.2234000,68.2234000,68.2234000
20180815,66.7535000,66.7535000,66.7535000,66.7535000
20180816,66.3772000,66.3772000,66.3772000,66.3772000
20180817,66.8932000,66.8932000,66.8932000,66.8932000
20180818,66.8757000,66.8757000,66.8757000,66.8757000
20180821,67.1807000,67.1807000,67.1807000,67.1807000
20180822,67.1783000,67.1783000,67.1783000,67.1783000
20180823,67.6163000,67.6163000,67.6163000,67.6163000
20180824,68.5259000,68.5259000,68.5259000,68.5259000
20180825,67.7911000,67.7911000,67.7911000,67.7911000
20180828,67.3963000,67.3963000,67.3963000,67.3963000
20180829,67.3911000,67.3911000,67.3911000,67.3911000
20180830,68.1451000,68.1451000,68.1451000,68.1451000
20180831,68.0821000,68.0821000,68.0821000,68.0821000
20180901,68.0447000,68.0447000,68.0447000,68.0447000
20180904,67.7443000,67.7443000,67.7443000,67.7443000
20180905,68.2737000,68.2737000,68.2737000,68.2737000
20180906,68.4628000,68.4628000,68.4628000,68.4628000
20180907,68.2505000,68.2505000,68.2505000,68.2505000
20180908,69.0286000,69.0286000,69.0286000,69.0286000
20180911,69.8685000,69.8685000,69.8685000,69.8685000
20180912,69.9744000,69.9744000,69.9744000,69.9744000
20180913,69.5728000,69.5728000,69.5728000,69.5728000
20180914,68.6370000,68.6370000,68.6370000,68.6370000
20180915,68.2826000,68.2826000,68.2826000,68.2826000
20180918,68.1958000,68.1958000,68.1958000,68.1958000
20180919,67.7519000,67.7519000,67.7519000,67.7519000
20180920,67.0098000,67.0098000,67.0098000,67.0098000
20180921,66.4725000,66.4725000,66.4725000,66.4725000
20180922,66.2497000,66.2497000,66.2497000,66.2497000
20180925,66.1594000,66.1594000,66.1594000,66.1594000
20180926,65.8244000,65.8244000,65.8244000,65.8244000
20180927,65.7585000,65.7585000,65.7585000,65.7585000
20180928,65.8355000,65.8355000,65.8355000,65.8355000
20180929,65.5906000,65.5906000,65.5906000,65.5906000
20181002,65.5745000,65.5745000,65.5745000,65.5745000
20181003,65.2221000,65.2221000,65.2221000,65.2221000
20181004,65.4244000,65.4244000,65.4244000,65.4244000
20181005,66.2115000,66.2115000,66.2115000,66.2115000
20181006,66.6270000,66.6270000,66.6270000,66.6270000
20181009,66.9685000,66.9685000,66.9685000,66.9685000
20181010,66.4032000,66.4032000,66.4032000,66.4032000
20181011,66.1832000,66.1832000,66.1832000,66.1832000
20181012,66.7727000,66.7727000,66.7727000,66.7727000
20181013,65.9751000,65.9751000,65.9751000,65.9751000
20181016,65.7508000,65.7508000,65.7508000,65.7508000
20181017,65.5305000,65.5305000,65.5305000,65.5305000
20181018,65.4026000,65.4026000,65.4026000,65.4026000
20181019,65.7238000,65.7238000,65.7238000,65.7238000
20181020,65.8140000,65.8140000,65.8140000,65.8140000
20181023,65.3065000,65.3065000,65.3065000,65.3065000
20181024,65.3101000,65.3101000,65.3101000,65.3101000
20181025,65.6299000,65.6299000,65.6299000,65.6299000
20181026,65.7476000,65.7476000,65.7476000,65.7476000
20181027,65.6345000,65.6345000,65.6345000,65.6345000
20181030,65.8129000,65.8129000,65.8129000,65.8129000
20181031,65.7742000,65.7742000,65.7742000,65.7742000
20181101,65.5962000,65.5962000,65.5962000,65.5962000
20181102,65.6517000,65.6517000,65.6517000,65.6517000
20181103,65.5799000,65.5799000,65.5799000,65.5799000
20181107,65.9912000,65.9912000,65.9912000,65.9912000
20181108,66.0918000,66.0918000,66.0918000,66.0918000
20181109,66.2155000,66.2155000,66.2155000,66.2155000
20181110,66.8497000,66.8497000,66.8497000,66.8497000
20181113,67.5238000,67.5238000,67.5238000,67.5238000
20181114,67.6812000,67.6812000,67.6812000,67.6812000
20181115,67.9975000,67.9975000,67.9975000,67.9975000
20181116,66.6159000,66.6159000,66.6159000,66.6159000
20181117,65.9931000,65.9931000,65.9931000,65.9931000
20181120,66.0081000,66.0081000,66.0081000,66.0081000
20181121,65.5871000,65.5871000,65.5871000,65.5871000
20181122,65.9485000,65.9485000,65.9485000,65.9485000
20181123,65.6067000,65.6067000,65.6067000,65.6067000
20181124,65.6664000,65.6664000,65.6664000,65.6664000
20181127,66.5072000,66.5072000,66.5072000,66.5072000
20181128,66.7800000,66.7800000,66.7800000,66.7800000
20181129,66.9436000,66.9436000,66.9436000,66.9436000
20181130,66.6342000,66.6342000,66.6342000,66.6342000
20181201,66.5335000,66.5335000,66.5335000,66.5335000
20181204,66.2921000,66.2921000,66.2921000,66.2921000
20181205,66.4467000,66.4467000,66.4467000,66.4467000
20181206,66.8242000,66.8242000,66.8242000,66.8242000
20181207,66.7377000,66.7377000,66.7377000,66.7377000
20181208,66.9227000,66.9227000,66.9227000,66.9227000
20181211,66.2416000,66.2416000,66.2416000,66.2416000
20181212,66.5022000,66.5022000,66.5022000,66.5022000
20181213,66.4225000,66.4225000,66.4225000,66.4225000
20181214,66.2550000,66.2550000,66.2550000,66.2550000
20181215,66.4337000,66.4337000,66.4337000,66.4337000
20181218,66.6208000,66.6208000,66.6208000,66.6208000
20181219,66.7454000,66.7454000,66.7454000,66.7454000
20181220,67.1121000,67.1121000,67.1121000,67.1121000
20181221,67.3710000,67.3710000,67.3710000,67.3710000
20181222,68.0085000,68.0085000,68.0085000,68.0085000
20181225,68.4073000,68.4073000,68.4073000,68.4073000
20181226,68.7448000,68.7448000,68.7448000,68.7448000
20181227,68.8865000,68.8865000,68.8865000,68.8865000
20181228,68.8762000,68.8762000,68.8762000,68.8762000
20181229,69.5218000,69.5218000,69.5218000,69.5218000
20181230,69.4706000,69.4706000,69.4706000,69.4706000
20190110,67.0795000,67.0795000,67.0795000,67.0795000
20190111,66.8605000,66.8605000,66.8605000,66.8605000
20190112,66.9167000,66.9167000,66.9167000,66.9167000
20190115,67.1920000,67.1920000,67.1920000,67.1920000
20190116,67.0820000,67.0820000,67.0820000,67.0820000
20190117,66.7617000,66.7617000,66.7617000,66.7617000
20190118,66.4438000,66.4438000,66.4438000,66.4438000
20190119,66.3309000,66.3309000,66.3309000,66.3309000
20190122,66.3634000,66.3634000,66.3634000,66.3634000
20190123,66.5499000,66.5499000,66.5499000,66.5499000
20190124,66.3318000,66.3318000,66.3318000,66.3318000
20190125,66.0016000,66.0016000,66.0016000,66.0016000
20190126,65.9170000,65.9170000,65.9170000,65.9170000
20190129,65.9300000,65.9300000,65.9300000,65.9300000
20190130,66.3412000,66.3412000,66.3412000,66.3412000
20190131,66.0987000,66.0987000,66.0987000,66.0987000
20190201,65.3577000,65.3577000,65.3577000,65.3577000
20190202,65.6601000,65.6601000,65.6601000,65.6601000
20190205,65.5859000,65.5859000,65.5859000,65.5859000
20190206,65.5691000,65.5691000,65.5691000,65.5691000
20190207,65.6686000,65.6686000,65.6686000,65.6686000
20190208,66.0199000,66.0199000,66.0199000,66.0199000
20190209,66.0628000,66.0628000,66.0628000,66.0628000
20190212,65.6517000,65.6517000,65.6517000,65.6517000
20190213,65.7147000,65.7147000,65.7147000,65.7147000
20190214,65.6783000,65.6783000,65.6783000,65.6783000
20190215,66.5429000,66.5429000,66.5429000,66.5429000
20190216,66.7044000,66.7044000,66.7044000,66.7044000
20190219,66.2470000,66.2470000,66.2470000,66.2470000
20190220,66.2022000,66.2022000,66.2022000,66.2022000
20190221,65.8568000,65.8568000,65.8568000,65.8568000
20190222,65.5401000,65.5401000,65.5401000,65.5401000
20190223,65.5149000,65.5149000,65.5149000,65.5149000
20190226,65.2582000,65.2582000,65.2582000,65.2582000
20190227,65.6182000,65.6182000,65.6182000,65.6182000
20190228,65.7570000,65.7570000,65.7570000,65.7570000
20190301,65.8895000,65.8895000,65.8895000,65.8895000
20190302,65.8145000,65.8145000,65.8145000,65.8145000
20190305,65.7956000,65.7956000,65.7956000,65.7956000
20190306,65.8004000,65.8004000,65.8004000,65.8004000
20190307,65.8430000,65.8430000,65.8430000,65.8430000
20190308,65.9646000,65.9646000,65.9646000,65.9646000
20190312,66.0763000,66.0763000,66.0763000,66.0763000
20190313,65.7674000,65.7674000,65.7674000,65.7674000
20190314,65.5890000,65.5890000,65.5890000,65.5890000
20190315,65.4021000,65.4021000,65.4021000,65.4021000
20190316,65.4201000,65.4201000,65.4201000,65.4201000
20190319,64.6694000,64.6694000,64.6694000,64.6694000
20190320,64.3167000,64.3167000,64.3167000,64.3167000
20190321,64.2803000,64.2803000,64.2803000,64.2803000
20190322,63.7420000,63.7420000,63.7420000,63.7420000
20190323,63.7705000,63.7705000,63.7705000,63.7705000
20190326,64.4993000,64.4993000,64.4993000,64.4993000
20190327,64.1683000,64.1683000,64.1683000,64.1683000
20190328,64.5925000,64.5925000,64.5925000,64.5925000
20190329,64.8012000,64.8012000,64.8012000,64.8012000
20190330,64.7347000,64.7347000,64.7347000,64.7347000
20190402,65.4176000,65.4176000,65.4176000,65.4176000
20190403,65.4726000,65.4726000,65.4726000,65.4726000
20190404,65.1639000,65.1639000,65.1639000,65.1639000
20190405,65.3281000,65.3281000,65.3281000,65.3281000
20190406,65.4072000,65.4072000,65.4072000,65.4072000
20190409,65.3498000,65.3498000,65.3498000,65.3498000
20190410,64.7766000,64.7766000,64.7766000,64.7766000
20190411,64.7373000,64.7373000,64.7373000,64.7373000
20190412,64.3991000,64.3991000,64.3991000,64.3991000
20190413,64.5171000,64.5171000,64.5171000,64.5171000
20190416,64.2469000,64.2469000,64.2469000,64.2469000
20190417,64.2422000,64.2422000,64.2422000,64.2422000
20190418,63.9450000,63.9450000,63.9450000,63.9450000
20190419,64.0688000,64.0688000,64.0688000,64.0688000
20190420,63.9602000,63.9602000,63.9602000,63.9602000
20190423,63.7860000,63.7860000,63.7860000,63.7860000
20190424,63.7906000,63.7906000,63.7906000,63.7906000
20190425,63.9798000,63.9798000,63.9798000,63.9798000
20190426,64.6794000,64.6794000,64.6794000,64.6794000
20190427,64.7053000,64.7053000,64.7053000,64.7053000
20190430,64.6917000,64.6917000,64.6917000,64.6917000
20190501,64.6314000,64.6314000,64.6314000,64.6314000
20190507,65.3350000,65.3350000,65.3350000,65.3350000
20190508,65.2166000,65.2166000,65.2166000,65.2166000
20190509,65.2287000,65.2287000,65.2287000,65.2287000
20190514,65.4703000,65.4703000,65.4703000,65.4703000
20190515,65.3001000,65.3001000,65.3001000,65.3001000
20190516,64.8489000,64.8489000,64.8489000,64.8489000
20190517,64.5598000,64.5598000,64.5598000,64.5598000
20190518,64.6327000,64.6327000,64.6327000,64.6327000
20190521,64.4888000,64.4888000,64.4888000,64.4888000
20190522,64.5372000,64.5372000,64.5372000,64.5372000
20190523,64.4156000,64.4156000,64.4156000,64.4156000
20190524,64.4913000,64.4913000,64.4913000,64.4913000
20190525,64.6106000,64.6106000,64.6106000,64.6106000
20190528,64.4636000,64.4636000,64.4636000,64.4636000
20190529,64.5394000,64.5394000,64.5394000,64.5394000
20190530,64.9084000,64.9084000,64.9084000,64.9084000
20190531,65.0583000,65.0583000,65.0583000,65.0583000
20190601,65.3834000,65.3834000,65.3834000,65.3834000
20190604,65.5547000,65.5547000,65.5547000,65.5547000
20190605,65.1614000,65.1614000,65.1614000,65.1614000
20190606,65.1243000,65.1243000,65.1243000,65.1243000
20190607,65.2340000,65.2340000,65.2340000,65.2340000
20190608,65.0395000,65.0395000,65.0395000,65.0395000
20190611,64.7919000,64.7919000,64.7919000,64.7919000
20190612,64.5158000,64.5158000,64.5158000,64.5158000
20190614,64.6314000,64.6314000,64.6314000,64.6314000
20190615,64.4326000,64.4326000,64.4326000,64.4326000
20190618,64.3187000,64.3187000,64.3187000,64.3187000
20190619,64.3352000,64.3352000,64.3352000,64.3352000
20190620,63.9794000,63.9794000,63.9794000,63.9794000
20190621,63.3877000,63.3877000,63.3877000,63.3877000
20190622,63.1295000,63.1295000,63.1295000,63.1295000
20190625,62.9095000,62.9095000,62.9095000,62.9095000
20190626,62.5229000,62.5229000,62.5229000,62.5229000
20190627,62.8083000,62.8083000,62.8083000,62.8083000
20190628,63.0452000,63.0452000,63.0452000,63.0452000
20190629,63.0756000,63.0756000,63.0756000,63.0756000
20190702,63.0541000,63.0541000,63.0541000,63.0541000
20190703,63.2265000,63.2265000,63.2265000,63.2265000
20190704,63.4951000,63.4951000,63.4951000,63.4951000
20190705,63.4013000,63.4013000,63.4013000,63.4013000
20190706,63.5841000,63.5841000,63.5841000,63.5841000
20190709,63.8699000,63.8699000,63.8699000,63.8699000
20190710,63.7660000,63.7660000,63.7660000,63.7660000
20190711,63.7988000,63.7988000,63.7988000,63.7988000
20190712,62.9944000,62.9944000,62.9944000,62.9944000
20190713,63.0204000,63.0204000,63.0204000,63.0204000
20190716,62.8280000,62.8280000,62.8280000,62.8280000
20190717,62.8129000,62.8129000,62.8129000,62.8129000
20190718,62.9451000,62.9451000,62.9451000,62.9451000
20190719,62.8286000,62.8286000,62.8286000,62.8286000
20190720,62.8666000,62.8666000,62.8666000,62.8666000
20190723,62.9776000,62.9776000,62.9776000,62.9776000
20190724,63.1290000,63.1290000,63.1290000,63.1290000
20190725,63.1162000,63.1162000,63.1162000,63.1162000
20190726,63.1572000,63.1572000,63.1572000,63.1572000
20190727,63.1271000,63.1271000,63.1271000,63.1271000
20190730,63.5210000,63.5210000,63.5210000,63.5210000
20190731,63.3791000,63.3791000,63.3791000,63.3791000
20190801,63.4172000,63.4172000,63.4172000,63.4172000
20190802,63.8340000,63.8340000,63.8340000,63.8340000
20190803,64.6423000,64.6423000,64.6423000,64.6423000
20190806,65.0546000,65.0546000,65.0546000,65.0546000
20190807,65.2030000,65.2030000,65.2030000,65.2030000
20190808,65.0932000,65.0932000,65.0932000,65.0932000
20190809,65.1299000,65.1299000,65.1299000,65.1299000
20190810,65.2543000,65.2543000,65.2543000,65.2543000
20190813,65.4287000,65.4287000,65.4287000,65.4287000
20190814,65.6017000,65.6017000,65.6017000,65.6017000
20190815,65.2032000,65.2032000,65.2032000,65.2032000
20190816,65.8907000,65.8907000,65.8907000,65.8907000
20190817,65.9961000,65.9961000,65.9961000,65.9961000
20190820,66.6082000,66.6082000,66.6082000,66.6082000
20190821,66.7840000,66.7840000,66.7840000,66.7840000
20190822,66.2630000,66.2630000,66.2630000,66.2630000
20190823,65.6196000,65.6196000,65.6196000,65.6196000
20190824,65.6046000,65.6046000,65.6046000,65.6046000
20190827,65.9735000,65.9735000,65.9735000,65.9735000
20190828,66.2608000,66.2608000,66.2608000,66.2608000
20190829,66.4127000,66.4127000,66.4127000,66.4127000
20190830,66.7471000,66.7471000,66.7471000,66.7471000
20190831,66.4897000,66.4897000,66.4897000,66.4897000
20190903,66.6235000,66.6235000,66.6235000,66.6235000
20190904,66.9072000,66.9072000,66.9072000,66.9072000
20190905,66.5002000,66.5002000,66.5002000,66.5002000
20190906,66.0528000,66.0528000,66.0528000,66.0528000
20190907,65.9981000,65.9981000,65.9981000,65.9981000
20190910,65.5698000,65.5698000,65.5698000,65.5698000
20190911,65.4393000,65.4393000,65.4393000,65.4393000
20190912,65.4321000,65.4321000,65.4321000,65.4321000
20190913,65.1909000,65.1909000,65.1909000,65.1909000
20190914,64.4711000,64.4711000,64.4711000,64.4711000
20190917,63.8272000,63.8272000,63.8272000,63.8272000
20190918,64.1213000,64.1213000,64.1213000,64.1213000
20190919,64.4290000,64.4290000,64.4290000,64.4290000
20190920,64.2199000,64.2199000,64.2199000,64.2199000
20190921,63.8487000,63.8487000,63.8487000,63.8487000
20190924,63.9453000,63.9453000,63.9453000,63.9453000
20190925,63.7060000,63.7060000,63.7060000,63.7060000
20190926,64.1873000,64.1873000,64.1873000,64.1873000
20190927,64.2888000,64.2888000,64.2888000,64.2888000
20190928,64.4156000,64.4156000,64.4156000,64.4156000
20191001,64.6407000,64.6407000,64.6407000,64.6407000
20191002,65.0670000,65.0670000,65.0670000,65.0670000
20191003,65.4399000,65.4399000,65.4399000,65.4399000
20191004,65.1312000,65.1312000,65.1312000,65.1312000
20191005,65.0300000,65.0300000,65.0300000,65.0300000
20191008,64.8259000,64.8259000,64.8259000,64.8259000
20191009,64.8672000,64.8672000,64.8672000,64.8672000
20191010,65.0976000,65.0976000,65.0976000,65.0976000
20191011,64.7416000,64.7416000,64.7416000,64.7416000
20191012,64.2237000,64.2237000,64.2237000,64.2237000
20191015,64.3652000,64.3652000,64.3652000,64.3652000
20191016,64.2548000,64.2548000,64.2548000,64.2548000
20191017,64.3455000,64.3455000,64.3455000,64.3455000
20191018,64.0144000,64.0144000,64.0144000,64.0144000
20191019,63.9542000,63.9542000,63.9542000,63.9542000
20191022,63.7606000,63.7606000,63.7606000,63.7606000
20191023,63.6336000,63.6336000,63.6336000,63.6336000
20191024,63.7997000,63.7997000,63.7997000,63.7997000
20191025,63.8600000,63.8600000,63.8600000,63.8600000
20191026,63.9966000,63.9966000,63.9966000,63.9966000
20191029,63.8700000,63.8700000,63.8700000,63.8700000
20191030,63.8320000,63.8320000,63.8320000,63.8320000
20191031,63.8734000,63.8734000,63.8734000,63.8734000
20191101,63.7748000,63.7748000,63.7748000,63.7748000
20191102,64.0316000,64.0316000,64.0316000,64.0316000
20191106,63.2480000,63.2480000,63.2480000,63.2480000
20191107,63.5880000,63.5880000,63.5880000,63.5880000
20191108,63.7298000,63.7298000,63.7298000,63.7298000
20191109,63.7295000,63.7295000,63.7295000,63.7295000
20191112,63.9121000,63.9121000,63.9121000,63.9121000
20191113,63.8530000,63.8530000,63.8530000,63.8530000
20191114,64.2009000,64.2009000,64.2009000,64.2009000
20191115,64.2101000,64.2101000,64.2101000,64.2101000
20191116,63.8881000,63.8881000,63.8881000,63.8881000
20191119,63.7542000,63.7542000,63.7542000,63.7542000
20191120,63.7730000,63.7730000,63.7730000,63.7730000
20191121,64.0213000,64.0213000,64.0213000,64.0213000
20191122,63.8430000,63.8430000,63.8430000,63.8430000
20191123,63.7101000,63.7101000,63.7101000,63.7101000
20191126,63.7637000,63.7637000,63.7637000,63.7637000
20191127,64.0239000,64.0239000,64.0239000,64.0239000
20191128,63.9722000,63.9722000,63.9722000,63.9722000
20191129,64.1005000,64.1005000,64.1005000,64.1005000
20191130,64.0817000,64.0817000,64.0817000,64.0817000
20191203,64.4097000,64.4097000,64.4097000,64.4097000
20191204,64.1401000,64.1401000,64.1401000,64.1401000
20191205,64.1948000,64.1948000,64.1948000,64.1948000
20191206,63.8135000,63.8135000,63.8135000,63.8135000
20191207,63.7185000,63.7185000,63.7185000,63.7185000
20191210,63.7244000,63.7244000,63.7244000,63.7244000
20191211,63.5788000,63.5788000,63.5788000,63.5788000
20191212,63.5653000,63.5653000,63.5653000,63.5653000
20191213,63.2257000,63.2257000,63.2257000,63.2257000
20191214,62.5544000,62.5544000,62.5544000,62.5544000
20191217,62.7686000,62.7686000,62.7686000,62.7686000
20191218,62.5326000,62.5326000,62.5326000,62.5326000
20191219,62.5831000,62.5831000,62.5831000,62.5831000
20191220,62.5283000,62.5283000,62.5283000,62.5283000
20191221,62.4071000,62.4071000,62.4071000,62.4071000
20191224,62.2499000,62.2499000,62.2499000,62.2499000
20191225,62.1673000,62.1673000,62.1673000,62.1673000
20191226,61.7164000,61.7164000,61.7164000,61.7164000
20191227,61.7676000,61.7676000,61.7676000,61.7676000
20191228,62.0315000,62.0315000,62.0315000,62.0315000
20191231,61.9057000,61.9057000,61.9057000,61.9057000
20200101,61.9057000,61.9057000,61.9057000,61.9057000
20200110,61.2340000,61.2340000,61.2340000,61.2340000
20200111,61.2632000,61.2632000,61.2632000,61.2632000
20200114,60.9474000,60.9474000,60.9474000,60.9474000
20200115,61.4140000,61.4140000,61.4140000,61.4140000
20200116,61.4328000,61.4328000,61.4328000,61.4328000
20200117,61.5694000,61.5694000,61.5694000,61.5694000
20200118,61.5333000,61.5333000,61.5333000,61.5333000
20200121,61.4654000,61.4654000,61.4654000,61.4654000
20200122,61.8552000,61.8552000,61.8552000,61.8552000
20200123,61.8343000,61.8343000,61.8343000,61.8343000
20200124,61.9515000,61.9515000,61.9515000,61.9515000
20200125,61.8031000,61.8031000,61.8031000,61.8031000
20200128,62.3380000,62.3380000,62.3380000,62.3380000
20200129,62.8299000,62.8299000,62.8299000,62.8299000
20200130,62.3934000,62.3934000,62.3934000,62.3934000
20200131,63.0359000,63.0359000,63.0359000,63.0359000
20200201,63.1385000,63.1385000,63.1385000,63.1385000
20200204,63.9091000,63.9091000,63.9091000,63.9091000
20200205,63.4342000,63.4342000,63.4342000,63.4342000
20200206,63.1742000,63.1742000,63.1742000,63.1742000
20200207,62.7977000,62.7977000,62.7977000,62.7977000
20200208,63.4720000,63.4720000,63.4720000,63.4720000
20200211,63.7708000,63.7708000,63.7708000,63.7708000
20200212,63.9490000,63.9490000,63.9490000,63.9490000
20200213,63.0470000,63.0470000,63.0470000,63.0470000
20200214,63.6016000,63.6016000,63.6016000,63.6016000
20200215,63.4536000,63.4536000,63.4536000,63.4536000
20200218,63.3085000,63.3085000,63.3085000,63.3085000
20200219,63.7698000,63.7698000,63.7698000,63.7698000
20200220,63.6873000,63.6873000,63.6873000,63.6873000
20200221,63.7413000,63.7413000,63.7413000,63.7413000
20200222,64.3008000,64.3008000,64.3008000,64.3008000
20200226,64.9213000,64.9213000,64.9213000,64.9213000
20200227,65.5177000,65.5177000,65.5177000,65.5177000
20200228,65.6097000,65.6097000,65.6097000,65.6097000
20200229,66.9909000,66.9909000,66.9909000,66.9909000
20200303,66.3274000,66.3274000,66.3274000,66.3274000
20200304,66.4437000,66.4437000,66.4437000,66.4437000
20200305,66.0784000,66.0784000,66.0784000,66.0784000
20200306,66.1854000,66.1854000,66.1854000,66.1854000
20200307,67.5175000,67.5175000,67.5175000,67.5175000
20200311,72.0208000,72.0208000,72.0208000,72.0208000
20200312,71.4720000,71.4720000,71.4720000,71.4720000
20200313,74.0274000,74.0274000,74.0274000,74.0274000
20200314,73.1882000,73.1882000,73.1882000,73.1882000
20200317,74.1262000,74.1262000,74.1262000,74.1262000
20200318,73.8896000,73.8896000,73.8896000,73.8896000
20200319,77.2131000,77.2131000,77.2131000,77.2131000
20200320,80.1570000,80.1570000,80.1570000,80.1570000
20200321,78.0443000,78.0443000,78.0443000,78.0443000
20200324,80.8815000,80.8815000,80.8815000,80.8815000
20200325,78.8493000,78.8493000,78.8493000,78.8493000
20200326,77.7928000,77.7928000,77.7928000,77.7928000
20200327,78.7223000,78.7223000,78.7223000,78.7223000
20200328,77.7325000,77.7325000,77.7325000,77.7325000
20200407,76.4074000,76.4074000,76.4074000,76.4074000
20200408,75.4550000,75.4550000,75.4550000,75.4550000
20200409,75.7499000,75.7499000,75.7499000,75.7499000
20200410,74.6050000,74.6050000,74.6050000,74.6050000
20200411,73.7515000,73.7515000,73.7515000,73.7515000
20200414,73.5245000,73.5245000,73.5245000,73.5245000
20200415,73.3150000,73.3150000,73.3150000,73.3150000
20200416,73.7145000,73.7145000,73.7145000,73.7145000
20200417,74.7119000,74.7119000,74.7119000,74.7119000
20200418,73.9441000,73.9441000,73.9441000,73.9441000
20200421,74.6657000,74.6657000,74.6657000,74.6657000
20200422,76.2562000,76.2562000,76.2562000,76.2562000
20200423,77.0416000,77.0416000,77.0416000,77.0416000
20200424,75.1290000,75.1290000,75.1290000,75.1290000
20200425,74.7163000,74.7163000,74.7163000,74.7163000
20200428,74.4960000,74.4960000,74.4960000,74.4960000
20200429,74.5706000,74.5706000,74.5706000,74.5706000
20200430,73.6894000,73.6894000,73.6894000,73.6894000
20200501,72.7263000,72.7263000,72.7263000,72.7263000
20200507,73.9719000,73.9719000,73.9719000,73.9719000
20200508,74.1169000,74.1169000,74.1169000,74.1169000
20200509,73.8725000,73.8725000,73.8725000,73.8725000
20200513,73.4326000,73.4326000,73.4326000,73.4326000
20200514,73.5819000,73.5819000,73.5819000,73.5819000
20200515,73.9298000,73.9298000,73.9298000,73.9298000
20200516,73.2056000,73.2056000,73.2056000,73.2056000
20200519,72.9798000,72.9798000,72.9798000,72.9798000
20200520,72.3918000,72.3918000,72.3918000,72.3918000
20200521,72.3381000,72.3381000,72.3381000,72.3381000
20200522,70.9240000,70.9240000,70.9240000,70.9240000
20200523,71.8804000,71.8804000,71.8804000,71.8804000
20200526,71.5962000,71.5962000,71.5962000,71.5962000
20200527,71.1408000,71.1408000,71.1408000,71.1408000
20200528,71.0635000,71.0635000,71.0635000,71.0635000
20200529,71.1012000,71.1012000,71.1012000,71.1012000
20200530,70.7520000,70.7520000,70.7520000,70.7520000
20200602,69.7114000,69.7114000,69.7114000,69.7114000
20200603,68.9831000,68.9831000,68.9831000,68.9831000
20200604,68.3413000,68.3413000,68.3413000,68.3413000
20200605,69.0151000,69.0151000,69.0151000,69.0151000
20200606,68.6319000,68.6319000,68.6319000,68.6319000
20200609,68.3123000,68.3123000,68.3123000,68.3123000
20200610,68.6745000,68.6745000,68.6745000,68.6745000
20200611,68.6183000,68.6183000,68.6183000,68.6183000
20200612,69.1219000,69.1219000,69.1219000,69.1219000
20200616,70.3950000,70.3950000,70.3950000,70.3950000
20200617,69.7524000,69.7524000,69.7524000,69.7524000
20200618,69.4822000,69.4822000,69.4822000,69.4822000
20200619,69.6180000,69.6180000,69.6180000,69.6180000
20200620,69.5725000,69.5725000,69.5725000,69.5725000
20200623,69.4835000,69.4835000,69.4835000,69.4835000
20200624,68.8376000,68.8376000,68.8376000,68.8376000
20200625,68.8376000,68.8376000,68.8376000,68.8376000
20200626,69.4660000,69.4660000,69.4660000,69.4660000
20200627,69.1284000,69.1284000,69.1284000,69.1284000
20200630,69.9513000,69.9513000,69.9513000,69.9513000
20200701,70.4413000,70.4413000,70.4413000,70.4413000
20200702,70.4413000,70.4413000,70.4413000,70.4413000
20200703,70.5198000,70.5198000,70.5198000,70.5198000
20200704,70.4999000,70.4999000,70.4999000,70.4999000
20200707,71.3409000,71.3409000,71.3409000,71.3409000
20200708,72.1719000,72.1719000,72.1719000,72.1719000
20200709,71.2379000,71.2379000,71.2379000,71.2379000
20200710,70.8800000,70.8800000,70.8800000,70.8800000
20200711,71.2298000,71.2298000,71.2298000,71.2298000
20200714,70.7479000,70.7479000,70.7479000,70.7479000
20200715,71.1275000,71.1275000,71.1275000,71.1275000
20200716,70.7998000,70.7998000,70.7998000,70.7998000
20200717,71.2310000,71.2310000,71.2310000,71.2310000
20200718,71.7139000,71.7139000,71.7139000,71.7139000
20200721,71.9628000,71.9628000,71.9628000,71.9628000
20200722,70.9668000,70.9668000,70.9668000,70.9668000
20200723,70.7881000,70.7881000,70.7881000,70.7881000
20200724,70.9630000,70.9630000,70.9630000,70.9630000
20200725,71.5974000,71.5974000,71.5974000,71.5974000
20200728,71.5850000,71.5850000,71.5850000,71.5850000
20200729,71.9196000,71.9196000,71.9196000,71.9196000
20200730,72.2348000,72.2348000,72.2348000,72.2348000
20200731,73.3633000,73.3633000,73.3633000,73.3633000
20200801,73.4261000,73.4261000,73.4261000,73.4261000
20200804,74.1586000,74.1586000,74.1586000,74.1586000
20200805,73.3806000,73.3806000,73.3806000,73.3806000
20200806,73.2806000,73.2806000,73.2806000,73.2806000
20200807,73.0397000,73.0397000,73.0397000,73.0397000
20200808,73.6376000,73.6376000,73.6376000,73.6376000
20200811,73.7750000,73.7750000,73.7750000,73.7750000
20200812,73.1522000,73.1522000,73.1522000,73.1522000
20200813,73.2351000,73.2351000,73.2351000,73.2351000
20200814,73.6067000,73.6067000,73.6067000,73.6067000
20200815,73.2157000,73.2157000,73.2157000,73.2157000
20200818,72.9676000,72.9676000,72.9676000,72.9676000
20200819,73.4321000,73.4321000,73.4321000,73.4321000
20200820,73.2392000,73.2392000,73.2392000,73.2392000
20200821,73.7711000,73.7711000,73.7711000,73.7711000
20200822,74.0999000,74.0999000,74.0999000,74.0999000
20200825,74.4184000,74.4184000,74.4184000,74.4184000
20200826,74.5126000,74.5126000,74.5126000,74.5126000
20200827,75.5379000,75.5379000,75.5379000,75.5379000
20200828,75.2354000,75.2354000,75.2354000,75.2354000
20200829,74.6382000,74.6382000,74.6382000,74.6382000
20200901,73.8039000,73.8039000,73.8039000,73.8039000
20200902,73.5849000,73.5849000,73.5849000,73.5849000
20200903,73.8588000,73.8588000,73.8588000,73.8588000
20200904,75.4680000,75.4680000,75.4680000,75.4680000
20200905,75.1823000,75.1823000,75.1823000,75.1823000
20200908,75.5910000,75.5910000,75.5910000,75.5910000
20200909,75.9645000,75.9645000,75.9645000,75.9645000
20200910,76.0713000,76.0713000,76.0713000,76.0713000
20200911,75.5274000,75.5274000,75.5274000,75.5274000
20200912,74.8896000,74.8896000,74.8896000,74.8896000
20200915,74.7148000,74.7148000,74.7148000,74.7148000
20200916,75.1884000,75.1884000,75.1884000,75.1884000
20200917,74.9278000,74.9278000,74.9278000,74.9278000
20200918,75.1941000,75.1941000,75.1941000,75.1941000
20200919,75.0319000,75.0319000,75.0319000,75.0319000
20200922,76.0381000,76.0381000,76.0381000,76.0381000
20200923,76.2711000,76.2711000,76.2711000,76.2711000
20200924,76.3545000,76.3545000,76.3545000,76.3545000
20200925,77.1780000,77.1780000,77.1780000,77.1780000
20200926,76.8195000,76.8195000,76.8195000,76.8195000
20200929,78.6713000,78.6713000,78.6713000,78.6713000
20200930,79.6845000,79.6845000,79.6845000,79.6845000
20201001,78.7847000,78.7847000,78.7847000,78.7847000
20201002,77.2774000,77.2774000,77.2774000,77.2774000
20201003,78.0915000,78.0915000,78.0915000,78.0915000
20201006,78.1281000,78.1281000,78.1281000,78.1281000
20201007,78.5119000,78.5119000,78.5119000,78.5119000
20201008,78.0921000,78.0921000,78.0921000,78.0921000
20201009,77.9157000,77.9157000,77.9157000,77.9157000
20201010,77.0284000,77.0284000,77.0284000,77.0284000
20201013,77.0239000,77.0239000,77.0239000,77.0239000
20201014,77.2855000,77.2855000,77.2855000,77.2855000
20201015,77.2759000,77.2759000,77.2759000,77.2759000
20201016,77.9461000,77.9461000,77.9461000,77.9461000
20201017,77.9644000,77.9644000,77.9644000,77.9644000
20201020,77.9241000,77.9241000,77.9241000,77.9241000
20201021,77.7780000,77.7780000,77.7780000,77.7780000
20201022,77.0322000,77.0322000,77.0322000,77.0322000
20201023,77.0809000,77.0809000,77.0809000,77.0809000
20201024,76.4667000,76.4667000,76.4667000,76.4667000
20201027,76.4443000,76.4443000,76.4443000,76.4443000
20201028,76.4556000,76.4556000,76.4556000,76.4556000
20201029,77.5520000,77.5520000,77.5520000,77.5520000
20201030,78.8699000,78.8699000,78.8699000,78.8699000
20201031,79.3323000,79.3323000,79.3323000,79.3323000
20201103,80.5749000,80.5749000,80.5749000,80.5749000
20201104,80.0006000,80.0006000,80.0006000,80.0006000
20201106,78.4559000,78.4559000,78.4559000,78.4559000
20201107,77.1875000,77.1875000,77.1875000,77.1875000
20201110,76.9515000,76.9515000,76.9515000,76.9515000
20201111,76.3978000,76.3978000,76.3978000,76.3978000
20201112,76.2075000,76.2075000,76.2075000,76.2075000
20201113,77.1148000,77.1148000,77.1148000,77.1148000
20201114,77.3262000,77.3262000,77.3262000,77.3262000
20201117,76.9197000,76.9197000,76.9197000,76.9197000
20201118,76.2530000,76.2530000,76.2530000,76.2530000
20201119,75.9268000,75.9268000,75.9268000,75.9268000
20201120,76.2627000,76.2627000,76.2627000,76.2627000
20201121,76.0120000,76.0120000,76.0120000,76.0120000
20201124,75.7600000,75.7600000,75.7600000,75.7600000
20201125,75.8146000,75.8146000,75.8146000,75.8146000
20201126,75.4727000,75.4727000,75.4727000,75.4727000
20201127,75.4518000,75.4518000,75.4518000,75.4518000
20201128,75.8599000,75.8599000,75.8599000,75.8599000
20201201,76.1999000,76.1999000,76.1999000,76.1999000
20201202,76.3203000,76.3203000,76.3203000,76.3203000
20201203,75.6151000,75.6151000,75.6151000,75.6151000
20201204,75.1996000,75.1996000,75.1996000,75.1996000
20201205,74.2529000,74.2529000,74.2529000,74.2529000
20201208,74.2506000,74.2506000,74.2506000,74.2506000
20201209,73.6618000,73.6618000,73.6618000,73.6618000
20201210,73.3057000,73.3057000,73.3057000,73.3057000
20201211,73.7124000,73.7124000,73.7124000,73.7124000
20201212,73.1195000,73.1195000,73.1195000,73.1195000
20201215,72.9272000,72.9272000,72.9272000,72.9272000
20201216,73.4453000,73.4453000,73.4453000,73.4453000
20201217,73.4201000,73.4201000,73.4201000,73.4201000
20201218,72.9781000,72.9781000,72.9781000,72.9781000
20201219,73.3155000,73.3155000,73.3155000,73.3155000
20201222,74.6721000,74.6721000,74.6721000,74.6721000
20201223,75.3498000,75.3498000,75.3498000,75.3498000
20201224,75.4571000,75.4571000,75.4571000,75.4571000
20201225,74.8392000,74.8392000,74.8392000,74.8392000
20201226,73.6921000,73.6921000,73.6921000,73.6921000
20201229,73.7175000,73.7175000,73.7175000,73.7175000
20201230,73.6567000,73.6567000,73.6567000,73.6567000
20201231,73.8757000,73.8757000,73.8757000,73.8757000
20210101,73.8757000,73.8757000,73.8757000,73.8757000
20210112,74.5157000,74.5157000,74.5157000,74.5157000
20210113,74.2663000,74.2663000,74.2663000,74.2663000
20210114,73.5264000,73.5264000,73.5264000,73.5264000
20210115,73.7961000,73.7961000,73.7961000,73.7961000
20210116,73.5453000,73.5453000,73.5453000,73.5453000
20210119,73.9735000,73.9735000,73.9735000,73.9735000
20210120,73.7243000,73.7243000,73.7243000,73.7243000
20210121,73.3550000,73.3550000,73.3550000,73.3550000
20210122,73.3694000,73.3694000,73.3694000,73.3694000
20210123,74.3615000,74.3615000,74.3615000,74.3615000
20210126,74.8569000,74.8569000,74.8569000,74.8569000
20210127,75.6354000,75.6354000,75.6354000,75.6354000
20210128,75.0400000,75.0400000,75.0400000,75.0400000
20210129,76.1854000,76.1854000,76.1854000,76.1854000
20210130,76.2527000,76.2527000,76.2527000,76.2527000
20210202,75.5053000,75.5053000,75.5053000,75.5053000
20210203,75.9051000,75.9051000,75.9051000,75.9051000
20210204,76.0801000,76.0801000,76.0801000,76.0801000
20210205,75.7293000,75.7293000,75.7293000,75.7293000
20210206,75.1107000,75.1107000,75.1107000,75.1107000
20210209,74.2602000,74.2602000,74.2602000,74.2602000
20210210,74.1192000,74.1192000,74.1192000,74.1192000
20210211,73.8526000,73.8526000,73.8526000,73.8526000
20210212,73.7579000,73.7579000,73.7579000,73.7579000
20210213,73.9378000,73.9378000,73.9378000,73.9378000
20210216,73.3092000,73.3092000,73.3092000,73.3092000
20210217,73.2895000,73.2895000,73.2895000,73.2895000
20210218,73.7669000,73.7669000,73.7669000,73.7669000
20210219,73.7755000,73.7755000,73.7755000,73.7755000
20210220,73.9717000,73.9717000,73.9717000,73.9717000
20210221,73.9833000,73.9833000,73.9833000,73.9833000
20210225,73.7532000,73.7532000,73.7532000,73.7532000
20210226,73.4747000,73.4747000,73.4747000,73.4747000
20210227,74.4373000,74.4373000,74.4373000,74.4373000
20210302,74.0448000,74.0448000,74.0448000,74.0448000
20210303,74.5755000,74.5755000,74.5755000,74.5755000
20210304,73.5187000,73.5187000,73.5187000,73.5187000
20210305,73.7864000,73.7864000,73.7864000,73.7864000
20210306,74.4275000,74.4275000,74.4275000,74.4275000
20210310,74.2640000,74.2640000,74.2640000,74.2640000
20210311,74.0393000,74.0393000,74.0393000,74.0393000
20210312,73.4996000,73.4996000,73.4996000,73.4996000
20210313,73.5081000,73.5081000,73.5081000,73.5081000
20210316,73.2317000,73.2317000,73.2317000,73.2317000
20210317,72.9619000,72.9619000,72.9619000,72.9619000
20210318,73.1019000,73.1019000,73.1019000,73.1019000
20210319,73.6582000,73.6582000,73.6582000,73.6582000
20210320,74.1390000,74.1390000,74.1390000,74.1390000
20210323,74.6085000,74.6085000,74.6085000,74.6085000
20210324,75.3585000,75.3585000,75.3585000,75.3585000
20210325,76.1535000,76.1535000,76.1535000,76.1535000
20210326,76.1741000,76.1741000,76.1741000,76.1741000
20210327,75.7576000,75.7576000,75.7576000,75.7576000
20210330,75.8287000,75.8287000,75.8287000,75.8287000
20210331,75.7023000,75.7023000,75.7023000,75.7023000
20210401,75.6373000,75.6373000,75.6373000,75.6373000
20210402,75.8073000,75.8073000,75.8073000,75.8073000
20210403,76.0734000,76.0734000,76.0734000,76.0734000
20210406,76.6052000,76.6052000,76.6052000,76.6052000
20210407,76.3802000,76.3802000,76.3802000,76.3802000
20210408,77.7730000,77.7730000,77.7730000,77.7730000
20210409,77.1011000,77.1011000,77.1011000,77.1011000
20210410,77.1657000,77.1657000,77.1657000,77.1657000
20210413,77.5104000,77.5104000,77.5104000,77.5104000
20210414,77.2535000,77.2535000,77.2535000,77.2535000
20210415,75.6826000,75.6826000,75.6826000,75.6826000
20210416,76.9808000,76.9808000,76.9808000,76.9808000
20210417,75.5535000,75.5535000,75.5535000,75.5535000
20210420,76.2491000,76.2491000,76.2491000,76.2491000
20210421,76.0155000,76.0155000,76.0155000,76.0155000
20210422,76.8198000,76.8198000,76.8198000,76.8198000
20210423,76.4217000,76.4217000,76.4217000,76.4217000
20210424,75.0893000,75.0893000,75.0893000,75.0893000
20210427,74.7680000,74.7680000,74.7680000,74.7680000
20210428,74.9578000,74.9578000,74.9578000,74.9578000
20210429,74.9390000,74.9390000,74.9390000,74.9390000
20210430,74.3823000,74.3823000,74.3823000,74.3823000
20210501,74.8451000,74.8451000,74.8451000,74.8451000
20210505,75.2567000,75.2567000,75.2567000,75.2567000
20210506,74.8617000,74.8617000,74.8617000,74.8617000
20210507,74.5770000,74.5770000,74.5770000,74.5770000
20210508,74.1373000,74.1373000,74.1373000,74.1373000
20210512,74.1567000,74.1567000,74.1567000,74.1567000
20210513,74.0400000,74.0400000,74.0400000,74.0400000
20210514,74.3566000,74.3566000,74.3566000,74.3566000
20210515,73.9968000,73.9968000,73.9968000,73.9968000
20210518,73.8537000,73.8537000,73.8537000,73.8537000
20210519,73.6992000,73.6992000,73.6992000,73.6992000
20210520,73.6778000,73.6778000,73.6778000,73.6778000
20210521,73.6007000,73.6007000,73.6007000,73.6007000
20210522,73.5803000,73.5803000,73.5803000,73.5803000
20210525,73.5266000,73.5266000,73.5266000,73.5266000
20210526,73.3963000,73.3963000,73.3963000,73.3963000
20210527,73.4737000,73.4737000,73.4737000,73.4737000
20210528,73.4580000,73.4580000,73.4580000,73.4580000
20210529,73.5870000,73.5870000,73.5870000,73.5870000
20210601,73.2965000,73.2965000,73.2965000,73.2965000
20210602,73.2411000,73.2411000,73.2411000,73.2411000
20210603,73.4979000,73.4979000,73.4979000,73.4979000
20210604,73.2636000,73.2636000,73.2636000,73.2636000
20210605,73.2721000,73.2721000,73.2721000,73.2721000
20210608,72.9294000,72.9294000,72.9294000,72.9294000
20210609,72.8256000,72.8256000,72.8256000,72.8256000
20210610,72.0829000,72.0829000,72.0829000,72.0829000
20210611,72.1974000,72.1974000,72.1974000,72.1974000
20210612,71.6797000,71.6797000,71.6797000,71.6797000
20210616,71.8318000,71.8318000,71.8318000,71.8318000
20210617,72.0323000,72.0323000,72.0323000,72.0323000
20210618,72.5048000,72.5048000,72.5048000,72.5048000
20210619,72.2216000,72.2216000,72.2216000,72.2216000
20210622,73.1987000,73.1987000,73.1987000,73.1987000
20210623,73.1661000,73.1661000,73.1661000,73.1661000
20210624,72.6671000,72.6671000,72.6671000,72.6671000
20210625,72.3260000,72.3260000,72.3260000,72.3260000
20210626,72.1694000,72.1694000,72.1694000,72.1694000
20210629,72.1777000,72.1777000,72.1777000,72.1777000
20210630,72.3723000,72.3723000,72.3723000,72.3723000
20210701,72.7234000,72.7234000,72.7234000,72.7234000
20210702,72.9086000,72.9086000,72.9086000,72.9086000
20210703,73.6175000,73.6175000,73.6175000,73.6175000
20210706,73.3540000,73.3540000,73.3540000,73.3540000
20210707,73.2660000,73.2660000,73.2660000,73.2660000
20210708,74.0580000,74.0580000,74.0580000,74.0580000
20210709,75.1952000,75.1952000,75.1952000,75.1952000
20210710,74.4675000,74.4675000,74.4675000,74.4675000
20210713,74.6336000,74.6336000,74.6336000,74.6336000
20210714,74.0589000,74.0589000,74.0589000,74.0589000
20210715,74.1236000,74.1236000,74.1236000,74.1236000
20210716,74.2197000,74.2197000,74.2197000,74.2197000
20210717,74.1656000,74.1656000,74.1656000,74.1656000
20210720,74.3463000,74.3463000,74.3463000,74.3463000
20210721,74.4910000,74.4910000,74.4910000,74.4910000
20210722,74.4947000,74.4947000,74.4947000,74.4947000
20210723,73.6945000,73.6945000,73.6945000,73.6945000
20210724,73.7663000,73.7663000,73.7663000,73.7663000
20210727,74.0980000,74.0980000,74.0980000,74.0980000
20210728,73.8471000,73.8471000,73.8471000,73.8471000
20210729,73.6088000,73.6088000,73.6088000,73.6088000
20210730,73.1904000,73.1904000,73.1904000,73.1904000
20210731,73.1388000,73.1388000,73.1388000,73.1388000
20210803,73.0156000,73.0156000,73.0156000,73.0156000
20210804,72.8724000,72.8724000,72.8724000,72.8724000
20210805,72.7857000,72.7857000,72.7857000,72.7857000
20210806,73.1680000,73.1680000,73.1680000,73.1680000
20210807,73.1304000,73.1304000,73.1304000,73.1304000
20210810,73.5078000,73.5078000,73.5078000,73.5078000
20210811,73.5962000,73.5962000,73.5962000,73.5962000
20210812,73.9695000,73.9695000,73.9695000,73.9695000
20210813,73.5671000,73.5671000,73.5671000,73.5671000
20210814,73.4721000,73.4721000,73.4721000,73.4721000
20210817,73.3920000,73.3920000,73.3920000,73.3920000
20210818,73.4753000,73.4753000,73.4753000,73.4753000
20210819,73.4633000,73.4633000,73.4633000,73.4633000
20210820,74.1503000,74.1503000,74.1503000,74.1503000
20210821,74.3640000,74.3640000,74.3640000,74.3640000
20210824,74.0666000,74.0666000,74.0666000,74.0666000
20210825,73.9465000,73.9465000,73.9465000,73.9465000
20210826,73.7428000,73.7428000,73.7428000,73.7428000
20210827,73.9908000,73.9908000,73.9908000,73.9908000
20210828,73.9866000,73.9866000,73.9866000,73.9866000
20210831,73.5744000,73.5744000,73.5744000,73.5744000
20210901,73.2781000,73.2781000,73.2781000,73.2781000
20210902,73.1912000,73.1912000,73.1912000,73.1912000
20210903,72.8491000,72.8491000,72.8491000,72.8491000
20210904,72.8545000,72.8545000,72.8545000,72.8545000
20210907,72.9538000,72.9538000,72.9538000,72.9538000
20210908,73.1909000,73.1909000,73.1909000,73.1909000
20210909,73.4421000,73.4421000,73.4421000,73.4421000
20210910,73.1290000,73.1290000,73.1290000,73.1290000
20210911,72.7600000,72.7600000,72.7600000,72.7600000
20210914,73.0841000,73.0841000,73.0841000,73.0841000
20210915,72.7171000,72.7171000,72.7171000,72.7171000
20210916,72.8520000,72.8520000,72.8520000,72.8520000
20210917,72.4329000,72.4329000,72.4329000,72.4329000
20210918,72.5602000,72.5602000,72.5602000,72.5602000
20210921,73.3315000,73.3315000,73.3315000,73.3315000
20210922,73.2067000,73.2067000,73.2067000,73.2067000
20210923,72.8806000,72.8806000,72.8806000,72.8806000
20210924,72.7245000,72.7245000,72.7245000,72.7245000
20210925,73.0081000,73.0081000,73.0081000,73.0081000
20210928,72.6613000,72.6613000,72.6613000,72.6613000
20210929,72.5083000,72.5083000,72.5083000,72.5083000
20210930,72.7608000,72.7608000,72.7608000,72.7608000
20211001,72.6642000,72.6642000,72.6642000,72.6642000
20211002,72.9215000,72.9215000,72.9215000,72.9215000
20211005,72.9239000,72.9239000,72.9239000,72.9239000
20211006,72.5686000,72.5686000,72.5686000,72.5686000
20211007,72.5682000,72.5682000,72.5682000,72.5682000
20211008,72.2854000,72.2854000,72.2854000,72.2854000
20211009,71.9882000,71.9882000,71.9882000,71.9882000
20211012,71.6373000,71.6373000,71.6373000,71.6373000
20211013,71.8801000,71.8801000,71.8801000,71.8801000
20211014,71.8577000,71.8577000,71.8577000,71.8577000
20211015,71.7846000,71.7846000,71.7846000,71.7846000
20211016,71.2371000,71.2371000,71.2371000,71.2371000
20211019,71.1714000,71.1714000,71.1714000,71.1714000
20211020,70.9674000,70.9674000,70.9674000,70.9674000
20211021,71.0555000,71.0555000,71.0555000,71.0555000
20211022,70.9904000,70.9904000,70.9904000,70.9904000
20211023,70.8623000,70.8623000,70.8623000,70.8623000
20211026,70.1345000,70.1345000,70.1345000,70.1345000
20211027,69.5526000,69.5526000,69.5526000,69.5526000
20211028,69.8104000,69.8104000,69.8104000,69.8104000
20211029,70.5207000,70.5207000,70.5207000,70.5207000
20211030,70.5200000,70.5200000,70.5200000,70.5200000
20211102,71.0863000,71.0863000,71.0863000,71.0863000
20211103,71.4783000,71.4783000,71.4783000,71.4783000
20211104,71.4876000,71.4876000,71.4876000,71.4876000
20211109,71.3975000,71.3975000,71.3975000,71.3975000
20211110,71.2866000,71.2866000,71.2866000,71.2866000
20211111,70.6950000,70.6950000,70.6950000,70.6950000
20211112,71.1964000,71.1964000,71.1964000,71.1964000
20211113,71.8118000,71.8118000,71.8118000,71.8118000
20211116,72.2724000,72.2724000,72.2724000,72.2724000
20211117,72.5553000,72.5553000,72.5553000,72.5553000
20211118,72.8228000,72.8228000,72.8228000,72.8228000
20211119,72.6022000,72.6022000,72.6022000,72.6022000
20211120,72.7617000,72.7617000,72.7617000,72.7617000
20211123,73.4506000,73.4506000,73.4506000,73.4506000
20211124,74.8327000,74.8327000,74.8327000,74.8327000
20211125,74.3726000,74.3726000,74.3726000,74.3726000
20211126,74.6004000,74.6004000,74.6004000,74.6004000
